dB = [0 : 5 : 30];
rM8Q8C7 = [259, 334, 422, 510, 590, 650, 692];
rpcM8Q8C7 = [1.0 0.99 0.99 0.98 0.99, 0.99, 0.99];

rM8Q16C7 = [289, 390, 482, 596, 722, 845, 957];

rM4Q5C7 = [130, 173, 216, 286, 311, 336, 342];

wmmseM4Q5C7 = [164, 213, 258, 290, 309, 315, 319];
% power consumption 100%
