dB = [0 : 5 : 30];
rM8Q8C4 = [259 334 422];
rpcM8Q8C4 = [1.0 0.99 0.99];
