dB = [0 : 5 : 30];
rM8Q8C7 = [259, 334, 422, 510, 590, 650, 692];
rpcM8Q8C7 = [1.0 0.99 0.99 0.98 0.99, 0.99, 0.99];

rM8Q16C7 = [289, 390, 482, 596, 722, 845, 957];

rM4Q5C7 = [, , , , 311, 336, 342];

wmmseM4Q5C7 = [166, 216, 261, 297, 311, 324, 331];
% power consumption 100%
