dB = [0 : 5 : 30];
rM8Q87C = [];