dB = [0 : 5 : 30];
rM8Q8C4 = [259 ];
rpcM8Q8C4 = [1.0 ];